0.23194749999674968
0.012896500003989786
0.009516400001302827
0.015463800002180506
0.01315210000029765
0.011746299998776522
0.03385400000115624
0.033065200004784856
0.027873900005943142
0.032349699999031145
0.03290339999512071
0.03232950000528945
0.029830999999830965
0.03590180000173859
0.026291700000001583
0.03430050000315532
0.03220159999909811
0.025717899996379856
0.03335510000033537
0.03173719999904279
0.0169850000020233
0.0357644000032451
0.0300714999975753
0.034403700003167614
0.012839199996960815
0.030102299999271054
0.01918149999983143
0.02213050000136718
0.022920899995369837
0.027215499998419546
0.031549100000120234
0.03463030000420986
0.028421099996194243
0.03476850000151899
0.028814899997087196
0.03478190000168979
0.028411299994331785
0.03471909999643685
0.029482500001904555
0.03346810000221012
0.03022150000469992
0.03282219999528024
0.028920800003106706
0.035973800004285295
0.027793200002633967
0.14543390000471845
0.011815199999546167
0.027776900002209004
0.008187600004021078
0.010527500002353918
0.009331499997642823
0.00876810000045225
0.015802000001713168
0.025827899997239
0.024280599995108787
0.03630379999958677
0.028188000003865454
0.0339592000018456
0.03204550000373274
0.03004499999951804
0.030455400003120303
0.034538700005214196
0.03515220000554109
0.01631189999898197
0.028582000006281305
0.02167129999725148
0.033667800002149306
0.02880860000004759
0.025976800003263634
0.034265599999343976
0.03104940000048373
0.03485509999882197
0.02709809999942081
0.02929000000585802
0.009881699996185489
0.029601300004287623
0.027675099998305086
0.02355130000069039
0.025233499996829778
0.025533699998049997
0.026164099996094592
0.030324300001666415
0.03718479999952251
0.030218200001399964
0.016755800003011245
0.037329700004193
0.030807900002400856
0.026354699999501463
0.03312529999675462
0.032983700002660044
0.0167963999992935
0.02744910000183154
0.02187670000421349
0.0369356000010157
0.03143640000052983
0.029337200001464225
0.024893499998142943
0.030594099996960722
0.024946500001533423
0.03704730000026757
0.028328699998382945
0.03738639999937732
0.029264699995110277
0.028288199995586183
0.02764519999618642
0.02760359999956563
