0.41497399999934714
0.26292920000560116
0.2443533000041498
0.26170279999496415
0.24034670000401093
0.2509706999990158
0.24863660000119125
0.2549100999967777
0.24770490000082646
0.25374919999740086
0.24825350000173785
0.2493733999945107
0.24165109999739798
0.2554900999966776
0.2555655000032857
0.2527345000053174
0.24609459999919636
0.24651389999780804
0.2476585000040359
0.254416299998411
0.2509691000013845
0.246555099998659
0.2516401999964728
0.262048099997628
0.25420350000058534
0.2646919999970123
0.26322110000182875
0.2527470999993966
0.26965370000107214
0.2577614999972866
0.404169000001275
0.2378831000023638
0.25770579999516485
0.2542967999979737
0.254914800003462
0.25582569999824045
0.2593044000022928
0.2720723999955226
0.23972970000613714
0.24708090000058291
0.2601160999984131
0.2539165999987745
0.25123720000556204
0.26024369999504415
0.27176519999920856
0.24312900000222726
0.26874160000443226
0.25260969999362715
0.2579686000026413
0.2495178000026499
0.24028140000154963
0.24462250000215136
0.2479886000000988
0.23552209999616025
0.2540062999978545
0.2463627999968594
0.24637100000109058
0.2551598999998532
0.2607592000058503
0.26250359999539796
0.2647307000006549
0.2546537000016542
0.24347619999753078
0.24277789999905508
0.24634620000142604
0.2581047000057879
0.2585957000046619
0.24648029999661958
0.26396099999692524
0.24147300000186078
0.24344949999795062
0.24730640000052517
0.24618229999759933
0.24950790000002598
0.3721064999990631
0.24745579999580514
0.2558652000006987
0.24986660000286065
0.24939009999798145
0.24766580000141403
0.25329790000250796
0.25889839999581454
0.2533450000046287
0.2566214999969816
0.2555186000026879
0.2502969999986817
0.2538776000001235
0.25723199999629287
0.26605629999539815
0.2520580999989761
0.25837999999930616
0.25942159999976866
0.2545029999964754
0.2454966000004788
0.24415009999938775
0.25011250000534346
0.2424505000017234
0.25236839999706717
0.2566602000006242
0.2450821000020369
0.24930270000186283
0.25090069999714615
0.2495714999968186
0.24360019999585347
0.2514547999962815
0.25118120000115596
0.24355690000083996
0.2791598999974667
0.24894250000215834
0.24870740000187652
0.26221009999426315
0.27085880000231555
0.2549113999994006
0.25165139999444364
0.2580655999990995
0.26018679999833694
0.245458299999882
0.2576522999952431
0.24615859999903478
0.25476419999904465
0.24404159999539843
0.2554306000020006
0.24602990000130376
0.2410944000002928
0.24631949999456992
0.24556920000031823
0.24962509999750182
0.25212379999720724
0.248226199997589
0.3812705000018468
0.24640459999500308
0.24690369999734685
0.24423769999702927
0.2500852000011946
0.2461267999970005
0.24787089999881573
0.2480104999995092
0.26370119999774033
0.24124440000014147
0.2406628000026103
0.24642280000261962
0.2494421999945189
0.25187949999963166
0.24905269999726443
0.25514669999392936
0.25857279999763705
0.24930899999890244
0.2490789000003133
0.24666530000104103
0.24553929999819957
0.2493495000016992
0.24287840000033611
0.2386908999978914
0.23953220000112196
0.24579760000051465
0.24589759999798844
0.24165759999596048
0.25473789999523433
0.2427895999935572
0.24908729999879142
0.24610739999479847
0.24563199999829521
0.2385013999955845
0.24661149999883492
0.24087339999823598
0.24223470000288216
0.24596520000341116
0.24144019999948796
0.24612809999962337
0.25313589999859687
0.2612964999934775
0.24325690000114264
0.2509957000002032
0.2563025999988895
0.24379350000526756
0.2480282000033185
0.2736743000059505
0.2615981999988435
0.2478977999999188
0.24743779999698745
0.2411290000018198
0.2643104000017047
0.25259579999692505
0.2589183000018238
0.24999620000016876
0.2535669999997481
0.24120620000030613
0.24909650000336114
0.24051190000318456
0.23814169999968726
0.24901609999506036
0.24405530000512954
0.2623110999993514
0.26016600000002654
0.2508670000024722
0.25230200000078185
0.2453148999993573
0.23918149999371963
0.2574852000034298
0.2487200000032317
0.25262710000242805
0.24197730000014417
0.2662020999996457
0.24485360000107903
0.2410364000024856
0.24032670000451617
0.24328240000613732
0.23521869999967748
0.24427529999957187
0.24314880000019912
0.25332580000394955
0.24393969999800902
0.2339739000017289
0.2428622000006726
0.2425467000066419
0.2242737999986275
0.2461942000009003
0.23924649999389658
0.2453559999994468
0.2436907000010251
0.2520107999953325
0.2435641999982181
0.2460928000000422
0.2571012999978848
0.2577765999958501
0.24532219999673543
0.2457365000009304
0.24082590000034543
0.23898799999733455
0.24543350000021746
0.24171380000188947
0.24510880000161706
0.24805219999689143
0.2432492000007187
0.2447907000023406
0.23474849999911385
0.25022299999545794
0.25886370000080206
0.24552589999802876
0.24999830000160728
0.25724419999460224
0.25577329999941867
0.24320539999462198
0.25026819999766303
0.2641440999941551
0.24020800000289455
0.3714516999971238
0.25123549999989336
0.24592029999621445
0.24666350000188686
0.24308100000052946
0.2521162999983062
0.24745809999876656
0.25115920000098413
0.2560254999989411
0.24758250000013504
0.23829079999995884
0.2605351000020164
0.2544239999988349
0.25596999999834225
0.2476881000038702
0.24568210000143154
0.2567313000035938
0.24674819999927422
0.25037060000613565
0.24866530000144849
0.24072309999610297
0.2409823999987566
0.24379799999587703
0.24461789999622852
0.23799989999679383
0.2542558999994071
0.253298999996332
0.2450946000026306
0.2510136000055354
0.24994080000033136
0.24238739999418613
0.2534777999971993
0.24386079999385402
0.44488560000172583
0.24503180000465363
0.24395880000520265
0.24873810000281082
0.2516548999992665
0.2611724999951548
0.24329620000207797
0.2518685000031837
0.24406650000310037
0.2583623999962583
0.2476440000027651
0.25962649999564746
0.24361250000220025
0.25504600000567734
0.2565672999990056
0.25259310000546975
0.26393629999802215
0.24751200000173412
0.2498191999984556
0.2444644999995944
0.23948050000035437
0.24240500000450993
0.2515488999997615
0.25681859999895096
0.24622610000369605
0.2502609000002849
0.24959739999758312
0.2526447999989614
0.2516006000005291
0.2519292999932077
0.25898569999844767
0.24680719999741996
0.24396909999632044
0.23431279999931576
0.24028309999994235
0.24454230000264943
0.2385876000043936
0.238984800002072
0.24409739999828162
0.24504199999500997
0.26710049999383045
0.39210100000491366
0.25743250000232365
0.24739250000129687
0.2404515000016545
0.24140220000117552
0.24131190000480274
0.24425309999787714
0.25185549999878276
0.259224000001268
0.252909599999839
0.24621789999946486
0.2537677000000258
0.2660584999975981
0.24979999999777647
0.25338960000226507
0.24444319999747677
0.2508624999973108
0.24256579999928363
0.254659599995648
0.24349220000294736
0.2493384999979753
0.25790300000517163
0.2574934999938705
0.2519946999964304
0.23874829999840586
0.25508129999798257
0.25722680000035325
0.24461560000054305
0.23946759999671485
0.25184710000030464
0.2553479999987758
0.2456841000021086
0.24586699999781558
0.2351330000019516
0.23863729999720817
0.23847709999972722
0.2396329999974114
0.4067155999946408
0.24097350000374718
0.24795959999755723
0.279660000000149
0.23862820000067586
0.2450983000017004
0.258764300000621
0.24418919999880018
0.24353479999990668
0.24191289999725996
0.2521085000043968
0.259466200004681
0.25062700000125915
0.2476539999988745
0.2619641999990563
0.2744027000007918
0.2441705000019283
0.24671029999444727
0.24861710000550374
0.24810050000087358
0.2532342999984394
0.25772370000049705
0.25241790000291076
0.25421279999864055
0.259763699999894
0.25238530000206083
0.25659949999680975
0.24925150000490248
0.24974359999760054
0.25437870000314433
0.24027850000129547
0.23791769999661483
0.26658700000552926
0.249903700001596
0.2442072999983793
0.2553741000010632
0.2498332000031951
0.23698280000098748
0.22596389999671374
0.2483275999984471
0.23297079999611015
0.23715919999813195
0.23440999999729684
0.228802599995106
0.23504689999390393
0.2347317000021576
0.23988260000623995
0.23957589999918127
