0.1437795
0.0078601
0.0087195
0.0074398
0.0065893
0.0219397
0.0322249
0.0226955
0.0313157
0.0295304
0.0362065
0.0223987
0.0171552
0.0230935
0.0248738
0.0253895
0.030837
0.0302461
0.036266
0.0283248
0.0346422
0.0224509
0.0327895
0.0232813
0.0330938
0.0309134
0.0248396
0.0307413
0.0376706
0.0092567
0.0333191
0.0091459
0.0137994
0.0260811
0.0307256
0.0228137
0.0254192
0.0339626
0.0299853
0.0346188
0.029384
0.0251357
0.0239705
0.0355765
0.0217881
0.0257142
0.0318761
0.0342711
0.0304244
0.0361601
0.0177238
0.0354502
0.0208944
0.0373494
0.0276229
0.0254903
0.0250548
0.0332719
0.0295296
0.0306448
0.0269874
0.0164164
0.0139133
0.0351506
0.021181
0.0319645
0.0213502
0.0242403
0.0228001
0.0390485
0.0202678
0.0324918
0.022325
0.031942
0.0322069
0.0322428
0.0223966
0.0271696
0.0224813
0.0359763
0.0282227
0.0316584
0.0241607
0.0326603
0.0322872
0.0176725
0.0300576
0.0356221
0.0305049
0.0294881
0.0213781
0.0302775
0.0331481
0.0341322
0.0292417
0.0213062
0.0240777
0.0329856
0.0207254
0.0276562
0.0187507
0.0321793
0.0304391
0.0204844
0.0326972
0.0341323
0.0319829
0.0332319
0.0207786
0.0242256
0.0271364
0.0343244
0.0202235
0.024501
0.022034
0.0168422
0.0215852
0.0255315
0.0329525
0.0367273
0.0280383
0.0329371
0.0210016
0.0346168
0.0228026
0.0308874
0.0314562
0.0313203
0.0323296
0.0366184
0.0252091
0.0339093
0.0302033
0.0339411
0.0303132
0.0239406
0.0226048
0.0352149
0.028851
0.0370462
0.018671
0.0258043
0.0228451
0.0318523
0.0231319
0.0332036
0.030973
0.0236898
0.0291731
0.0284159
0.0289205
0.0324284
0.0317395
0.025072
0.0314562
0.0325379
0.0313936
0.0331442
0.0307868
0.0314111
0.0235836
0.0334453
0.0141781
0.0341498
0.0234136
0.0314348
0.02269
0.0265367
0.0310179
0.0382019
0.0244618
0.0357016
0.016107
0.0265824
0.0316633
0.0236259
0.0220137
0.027291
0.031458
0.0401789
0.0230241
0.0260245
0.0229689
0.0181203
0.0230082
0.0240787
0.0313867
0.0240681
0.0228342
0.0294815
0.0286571
0.0306035
0.0234099
0.0263516
0.0304171
0.0258489
0.0313806
0.0320775
0.0305723
0.0394408
0.0185867
0.0230591
0.021717
0.0255154
0.022365
0.0235096
0.0255482
0.0316946
0.0245296
0.0291783
0.0282746
0.0262892
0.0311529
0.0171992
0.0302975
0.025482
0.0328438
0.0325811
0.0297216
0.0392806
0.026433
0.0307697
0.0312737
0.0340406
0.0325655
0.0353606
0.0285377
0.0257587
0.0235645
0.0401034
0.0236066
0.0341551
0.0142692
0.0343613
0.0323198
0.0261735
0.0286722
0.0250216
0.0318196
0.0405514
0.0238945
0.0355383
0.0294951
0.0243297
0.0241842
0.0339145
0.0206001
0.0339542
0.0302417
0.0323223
0.0232909
0.0239505
0.0321275
0.0328058
0.0296532
0.0351479
0.0300428
0.0307093
0.0251088
0.0192446
0.0324962
0.0265594
0.0207824
0.0258445
0.0148134
0.0251053
0.0282817
0.0399789
0.0245794
0.036347
0.0209021
0.0268976
0.0280854
0.0353703
0.0314646
0.0255471
0.020054
0.0399141
0.0261496
0.0341246
0.0284286
0.0327141
0.0321171
0.0324309
0.0338732
0.0331964
0.0232617
0.0394563
0.022591
0.0335987
0.0291858
0.035563
0.0319216
0.0312114
0.0325317
0.0328655
0.0301788
0.0389132
0.0173372
0.0236527
0.0313689
0.0352949
0.0281614
0.036067
0.0282265
0.0330788
0.0295982
0.0397346
0.0287095
0.0286682
0.0325676
0.0242236
0.0315563
0.034214
0.0284891
0.0331393
0.0295411
0.0407873
0.0255111
0.0330922
0.0304533
0.0333087
0.0294929
0.0244243
0.031647
0.0255036
0.0291197
0.0394693
0.0247521
0.0411559
0.0230881
0.0400771
0.0154952
0.0260941
0.028598
0.0338703
0.0285947
0.0424497
0.0241387
0.0247325
0.0317829
0.0399526
0.0231526
0.0254631
0.0282817
0.025247
0.0299348
0.0368615
0.0283583
0.0321573
0.0323299
0.0278494
0.0238852
0.0358061
0.0292497
0.0359236
0.0309092
0.0319856
0.0193053
0.0365115
0.0263363
0.0406231
0.0237237
0.0367674
0.0269684
0.0341723
0.0272927
0.034348
0.0284345
0.0235745
0.0294589
0.022722
0.0268679
0.0237039
0.0301805
0.0355115
0.0287803
0.0362489
0.0293033
0.0362353
0.027838
0.0394222
0.0255328
0.0337645
0.0307756
0.0330225
0.0318601
0.0246197
0.030777
0.0245841
0.0308441
0.0393523
0.0236646
0.0366899
0.0296843
0.0339943
0.0280906
0.0345039
0.0300621
0.0356096
0.0279106
0.0407494
0.0258116
0.0253257
0.0292287
0.0343551
0.0295384
0.0324502
0.0311262
0.0235747
0.0323078
0.0247398
0.0209961
0.0347056
0.0297567
0.0241667
0.0257561
0.0235859
0.0296936
0.022119
0.026289
0.0367338
0.029215
0.0387234
0.0161654
0.0414439
0.0224575
0.0403992
0.0243762
0.0381771
0.0277491
0.0321023
0.0322931
0.0329333
0.0304401
0.0338904
0.0284657
0.0307667
0.0311534
0.0276703
0.0184174
0.0229862
0.0237246
0.030204
0.0251228
0.0343739
0.0207695
0.0387668
0.0273454
0.0316416
0.0308797
0.0350497
0.0314106
0.0336088
0.029599
0.0415557
0.0229402
0.0340354
0.0309531
0.0340095
0.0279977
0.0317515
0.029747
0.0251554
0.0306653
0.029754
0.0259698
0.0333022
0.030615
0.0321449
0.0306854
0.0269168
0.0304769
0.0346231
0.0299397
0.0403246
0.0236687
0.0331097
0.0311819
0.0321979
0.0196797
0.0354101
0.0309199
0.0386687
0.0258631
0.0318477
0.0305211
0.0369444
0.0268524
0.0321265
0.022183
0.0347051
0.0283759
0.0237852
0.0294387
0.0332857
0.0311392
0.0275367
0.0282689
0.0268583
0.028278
0.0338266
0.030871
0.0348333
0.0322506
0.0386335
0.0143907
0.0347462
0.0297637
0.034733
0.0204672
0.0330454
0.021182
0.0300102
0.0224381
0.0390218
0.0254809
0.0319877
0.0310352
0.0345007
0.0296349
0.0353234
0.0320464
0.0326255
0.019002
0.0389962
0.0257437
0.0349149
0.0311644
0.0317378
0.0319105
0.0342292
0.0297411
0.0094493
0.0546211
0.0415747
0.010429
0.0481954
0.0280313
0.0088819
0.0557828
0.0080355
0.0284187
0.0595175
0.0089373
0.007945
0.023549
0.0230063
0.0346718
0.0273513
0.0364944
0.027207
0.0301632
0.0308654
0.0322927
0.0322774
0.0359828
0.016684
0.0359108
0.029151
0.0232048
0.0300049
0.032009
0.0287685
0.0361076
0.0301913
0.0386567
0.027454
0.0245337
0.0310892
0.0329618
0.0313617
0.0346759
0.0305326
0.0320313
0.029623
0.0394698
0.0185452
0.0317667
0.032371
0.0344922
0.0308045
0.0322386
0.0296134
0.0345284
0.0318513
0.0386015
0.0236432
0.0355846
0.0293554
0.0359879
0.0299407
0.0330458
0.0311175
0.0324739
0.0284315
0.0402519
0.0251154
0.0338788
0.0317092
0.0249646
0.0304321
0.035304
0.0289872
0.0336496
0.0318968
0.0371885
0.0245699
0.0332925
0.0300085
0.0348971
0.0302775
0.0338923
0.032704
0.0330031
0.030706
0.0376463
0.024428
0.0364587
0.0300208
0.0231382
0.0215177
0.0352536
0.0286285
0.0352257
0.0304229
0.039689
0.0222268
0.0360479
0.0228123
0.0304678
0.0324736
0.0184137
0.0259585
0.0320771
0.0218131
0.039706
0.0249172
0.0323174
0.0203733
0.0302396
0.031202
0.0269323
0.029093
0.0301249
0.030645
0.0311016
0.0156275
0.0368561
0.027358
0.0253363
0.0309304
0.0263391
0.030408
0.0335173
0.0287673
0.0390164
0.0221656
0.0358267
0.0301233
0.0309914
0.0288029
0.0343508
0.0330812
0.0331875
0.02839
0.0417622
0.0235821
0.0333661
0.0317238
0.0350223
0.0289884
0.0345183
0.0295939
0.0347045
0.0278623
0.036518
0.0268793
0.0312979
0.0317441
0.0348636
0.0301912
0.0344484
0.0305032
0.0231465
0.030096
0.0405961
0.0236609
0.0342958
0.0315039
0.0325029
0.031454
0.0316004
0.0315894
0.0348347
0.0309153
0.0405378
0.0219287
0.0342791
0.0309794
0.034582
0.0285979
0.0347064
0.0277839
0.024816
0.0295105
0.0326807
0.0123057
0.0359261
0.0190423
0.0271906
0.02047
0.0324576
0.0303816
0.0305458
0.0309594
0.0343197
0.0216413
0.035314
0.030188
0.0241945
0.0279362
0.0328026
0.0278023
0.0313254
0.0195804
0.0370566
0.0182167
0.0245976
0.0263771
0.0304537
0.0278261
0.0240113
0.0310316
0.0239346
0.0201261
0.035655
0.0199738
0.0227679
0.0288303
0.0319126
0.0231104
0.0238521
0.02812
0.0344529
0.0293491
0.0376596
0.0237668
0.0325243
0.0309795
0.0347867
0.0218516
0.0240279
0.0305681
0.0302756
0.0310257
0.0396411
0.0229255
0.0325636
0.0310793
0.0314911
0.0203107
0.0329372
0.032944
0.0305407
0.0195624
0.0382657
0.0253671
0.0360295
0.0293478
0.0295353
0.0300201
0.0340144
0.0313654
0.0327455
0.029002
0.036925
0.0172094
0.0338622
0.0286565
0.0349758
0.0290903
0.0327436
0.0212799
0.0350414
0.0276124
0.0396653
0.0175834
0.0246633
0.0207511
0.0358608
0.03016
0.0281028
0.0265149
0.0232611
0.0276947
0.0338246
0.0270487
0.0318977
0.0326703
0.0298924
0.031454
0.0380252
0.0227774
0.0309815
0.0277486
0.0262854
0.0319843
0.0260544
0.0293701
0.0290008
0.0285041
0.0282889
0.0281975
0.0227953
0.0314669
0.0370255
0.0293633
0.0252292
0.0183298
0.0228765
0.0319934
0.0386877
0.017516
0.0325071
0.0314125
0.0302691
0.0309133
0.0345202
0.0298782
0.0313976
0.0221722
0.0283411
0.0178297
0.0327187
0.0331388
0.0304841
0.0227445
0.0328671
0.0305622
0.0249263
0.0301803
0.0351612
0.0280468
0.0338933
0.0231755
0.0318832
0.0309188
0.0328587
0.0228808
0.032723
0.0295565
0.0352708
0.0176532
0.023462
0.0208991
0.0325279
0.0220666
0.0345003
0.031412
0.0244474
0.0310254
0.0374285
0.0159226
0.0242824
0.0306507
0.0249289
0.0319012
0.0227776
0.0314655
0.0335256
0.031047
0.0188414
0.0153693
0.0336689
0.0330053
0.022688
0.0309076
0.0326773
0.0327265
0.0317737
0.0311386
0.0278687
0.0261137
0.0337445
0.0320444
0.0326591
0.0291492
0.0262122
0.0219222
0.0248182
0.01732
0.0317102
0.02568
0.0217788
0.0307101
0.031187
0.0317365
0.0332411
0.0284745
0.0243658
0.0313905
0.0291329
0.0154503
0.0363944
0.0294589
0.0256507
0.0228544
0.0217787
0.0297435
0.0310744
0.0310978
0.0365848
0.0234149
0.0321523
0.032374
0.0253942
0.0283942
0.031262
0.0288153
0.0319041
0.0302444
0.034824
0.0277443
0.0334474
0.0241152
0.0259364
0.0173454
0.0287168
0.0311553
0.0241866
0.0189575
0.0326309
0.0117091
0.0272399
0.0281037
0.0317248
0.0312676
0.0309536
0.0221829
0.0237842
0.0230029
0.0286225
0.0254752
0.0318618
0.0288814
0.0353112
0.029555
0.035674
0.0301544
0.0255955
0.0297126
0.0293945
0.0215517
0.0266289
0.0185223
0.033973
0.0205898
0.0245652
0.0275029
0.0346996
0.0294207
0.0285202
0.0266009
0.0245816
0.0296447
0.0341021
0.0191562
0.0213511
0.0315288
0.0231094
0.031096
0.0367623
0.0178671
0.0310813
0.0220124
0.0345047
0.0276414
0.0321361
0.0314413
0.0236995
0.0289616
0.0368416
0.0217484
0.0255138
0.0282632
0.0327805
0.0305308
0.0320231
0.0312211
0.0322776
0.0283179
0.0397821
0.0247096
0.033721
0.0193318
0.0261846
0.0293328
0.0228046
0.0219045
0.0261315
0.0278151
0.0297512
0.0221433
0.0366913
0.0263201
0.0218514
0.0219228
0.0226467
0.0325403
0.0243479
0.030589
0.0300497
0.0253195
0.0345628
0.0184848
0.0261399
0.0316799
0.0350978
0.0301793
0.0329455
0.020342
0.0384684
0.0175867
0.0245362
0.0299954
0.0328235
0.0233094
0.0322126
0.0310682
0.0344787
0.0303645
0.0368577
0.0233615
0.0331159
0.0328527
0.032322
0.0220329
0.0338732
0.0213694
0.0243265
0.0213647
0.0389367
0.0245042
0.0229111
0.0222155
0.031094
0.0302654
0.0242318
0.0300688
0.0361441
0.0278125
0.0282519
0.0168473
0.0241735
0.0283328
0.0246472
0.0231284
0.0337798
0.0274736
0.0276765
0.0297983
0.0383013
0.0242815
0.0343877
0.0210145
0.0225818
0.0315361
0.0331937
0.0291114
0.0340351
0.0311375
0.0383318
0.0256011
0.0228537
0.0201668
0.0331194
0.0216768
0.0255356
0.0290351
0.0337251
0.0316857
0.0358729
0.0252038
0.0301895
0.031471
0.030535
0.0283259
0.0265515
0.0301598
0.0315776
0.0311051
0.0408903
0.0229939
0.0309473
0.0292427
0.0236115
0.0226693
0.0331586
0.0326813
0.0226593
0.0222663
0.0358824
0.0163012
0.0213123
0.0313191
0.0321894
0.0269532
0.0330603
0.0215381
0.024004
0.0217053
0.0362042
0.0256702
0.0345182
0.0204893
0.0331499
0.0202488
0.0341514
0.022747
0.0319253
0.0328121
0.0353259
0.0264764
0.0326247
0.013716
0.0239081
