0.09779619999972056
0.002371500000663218
0.0034522000005381415
0.0024346000000150525
0.01875570000083826
0.023222299999360985
0.03186329999971349
0.010585400000309164
0.03774749999956839
0.04066969999985304
0.04368609999983164
0.04687680000006367
0.03608949999943434
0.0021706999996240484
0.020912500000122236
0.04133189999993192
0.0028173000000606407
0.027847600000313832
0.04956650000076479
0.0022654999993392266
0.018740699999398203
0.03688320000037493
0.0021788000003652996
0.026269500000125845
0.045296199999938835
0.002207800000178395
0.015671500000280503
0.03648900000007416
0.0019959000001108507
0.02443290000064735
0.04447170000003098
0.002095299999382405
0.03157550000014453
0.03681830000004993
0.0022048000000722823
0.021157299999686074
0.04021699999975681
0.002066900000500027
0.026077900000018417
0.04650069999934203
0.0025749999995241524
0.016964200000074925
0.03849470000022848
0.002037899999777437
0.025329400000373425
0.04317670000000362
0.002137800000127754
0.03151050000087707
0.03881279999950493
0.0021310000001903973
0.02178509999976086
0.043298099999447004
0.002120999999533524
0.030871999999362743
0.03365979999944102
0.0019494999996823026
0.023112699999728648
0.03994479999983014
0.0020013999992443132
0.02999530000033701
0.03407040000001871
0.0022306000000753556
0.022691000000122585
0.04256170000007842
0.0019952999991801335
0.027721700000256533
0.04700799999955052
0.002149400000234891
0.020972100000108185
0.04012609999972483
0.0019510000001901062
0.026726199999757227
0.04567299999962415
0.0015398999994431506
0.017101400000683498
0.03790130000015779
0.002383699999882083
0.02684289999979228
0.04747310000038851
0.002179000000069209
0.01704740000059246
0.03667289999975765
0.00214849999974831
0.024813799999719777
0.04531909999968775
0.0022607000000789412
0.032760699999926146
0.035198399999899266
0.002119900000252528
0.022733599999810394
0.04210220000004483
0.0020579000001816894
0.03130239999973128
0.03772769999977754
0.0021643999998559593
0.022791899999901943
0.04077549999965413
0.0018984999996973784
0.028800899999623653
0.03429749999941123
0.0021853000007467926
0.019867599999997765
0.038749299999835785
0.002135400000042864
0.02605039999980363
0.046458699999675446
0.0022202000000106636
0.020543499999803316
0.041289400000096066
0.0021919000000707456
0.026861600000302133
0.047459600000365754
0.0020334999999249703
0.017639799999415118
0.03748790000008739
0.0021972000004097936
0.025667500000054133
0.0455842000001212
0.002118500000506174
0.01736590000018623
0.03822180000042863
0.0025170999997499166
0.024922200000219163
0.04526069999974425
0.0016342999997505103
0.031675900000664114
0.03581150000081834
0.002360400000725349
0.02442909999990661
0.046019499999601976
0.002209700000094017
0.014303200000540528
0.03630239999984042
0.0022468000006483635
0.02236890000040148
0.041016099999978906
0.0020518000001175096
0.027613100000053237
0.052378099999259575
0.002144099999895843
0.021501400000488502
0.04129980000016076
0.0019517000000632834
0.03068630000052508
0.03585599999951228
0.0021708999993279576
0.023723899999822606
0.0452039000001605
0.001494000000093365
0.03074319999996078
0.03264060000037716
0.002158499999495689
0.021800399999847286
0.040556899999501184
0.0021125000002939487
0.027098300000034214
0.05087660000026517
0.0020610000001397566
0.022193699999661476
0.0406343000004199
0.0021501000001080683
0.027206299999306793
0.04961780000030558
0.0020211000000927015
0.02246389999982057
0.041678800000227056
0.002266100000269944
0.029023200000665383
0.04860670000016398
0.002167899999221845
0.021762999999737076
0.040528599999561266
0.0019505000000208383
0.029011300000092888
0.04976790000000619
0.002415599999949336
0.021696099999644503
0.044635899999775575
0.001969900000403868
0.029906699999628472
0.03475239999988844
0.002129899999999907
0.022573499999452906
0.040917199999967124
0.002164900000025227
0.03100830000039423
0.03343120000045019
0.0024053999995885533
0.02153550000002724
0.04142559999945661
0.0020953000002918998
0.030298900000161666
0.034338499999648775
0.005012800000258721
0.019221200000174576
0.04191350000019156
0.0021938999998383224
0.026969099999405444
0.06722820000049978
0.0017961000003197114
0.0032301000001098146
0.03937260000020615
0.0022137999994811253
0.025084500000048138
0.051121499999680964
0.002375400000346417
0.017010800000207382
0.039247400000022026
0.0020284000001993263
0.025641799999903014
0.045956800000567455
0.002075700000204961
0.016674400000738387
0.03540720000000874
0.0021108999999341904
0.021299599999110796
0.04006180000033055
0.002064599999357597
0.027512300000125833
0.05299950000062381
0.0021994999997332343
0.020599999999831198
0.0416944999997213
0.0021091999997224775
0.029273200000716315
0.03352329999961512
0.0022030999998605694
0.020723299999190203
0.039790499999980966
0.002069099999971513
0.029644100000041362
0.05109690000062983
0.0022321000005831593
0.020400299999892013
0.04009870000027149
0.002144099999895843
0.027306299999509065
0.046065500000622706
0.0023584000000482774
0.01904590000049211
0.04035680000015418
0.002281099999891012
0.026545799999439623
0.04616100000021106
0.0019870999994964222
0.019325199999912
0.04261439999936556
0.0021188999999139924
0.02901720000045316
0.03238350000083301
0.002107600000272214
0.017783999999664957
0.03850409999995463
0.0019400999999561463
0.02345289999993838
0.04365549999965879
0.0024546000004193047
0.03323579999960202
0.03732700000000477
0.0022093999996286584
0.024922600000536477
0.04689479999979085
0.0022331000000122003
0.015738999999484804
0.03614629999992758
0.0021026999993409845
0.025644399999691814
0.04633020000073884
0.0022267000003921567
0.019090499999947497
0.038310000000819855
0.0021508999998332
0.02691450000020268
0.04519129999971483
0.003598000000238244
0.03234059999977035
0.04239919999963604
0.002125200000591576
0.024936499999967054
0.047073400000044785
0.002206799999839859
0.018208500000582717
0.040489099999831524
0.0020595999994839076
0.02531360000011773
0.04479610000089451
0.002057300000160467
0.03287790000013047
0.03695580000021437
0.0021287999998094165
0.023555300000225543
0.04412230000070849
0.0021458999999595108
0.03215470000031928
0.03853830000025482
0.0020914999995511607
0.02550710000014078
0.04693250000036642
0.0019705000004250905
0.01682230000005802
0.03399520000039047
0.03823019999981625
0.0021072999998068553
0.02810129999943456
0.046676599999955215
0.002232199999525619
0.020072900000741356
0.03944930000034219
0.002013000000260945
0.027043899999625864
0.044852399999399495
0.0021069999993414967
0.03652990000045975
0.03769410000040807
0.002197400000113703
0.024828900000102294
0.04320480000023963
0.0021822999997311854
0.031985200000235636
0.03243110000039451
0.0021525000001929584
0.02244879999943805
0.0406105000001844
0.002119900000252528
0.030752599999686936
0.03373279999959777
0.001481400000557187
0.024361099999623548
0.040686000000278
0.0020927999994455604
0.032087999999930616
0.03326969999943685
0.002072799999950803
0.022058800000195333
0.03987830000005488
0.0023043999999572407
0.02522750000025553
0.04373710000072606
0.0018647000006239978
0.036011799999869254
0.039719500000501284
0.002057000000604603
0.031668399999944086
0.03199029999996128
0.0022101000004113303
0.021304199999576667
0.040694400000575115
0.002202200000283483
0.02748200000041834
0.04754400000001624
0.002225900000667025
0.018219999999928405
0.03748069999983272
0.0022988999999142834
0.025216099999852304
0.0461485999994693
0.0022202000000106636
0.024053799999819603
0.03623539999989589
0.0022184999997989507
0.024421500000244123
0.0420259000002261
0.0021007999994253623
0.031070300000465068
0.033810100000664534
0.002059400000689493
0.023769599999468483
0.04494869999962248
0.0022240000007514027
0.033017699999618344
0.0432303999996293
0.0015855999999985215
0.02737420000084967
0.044690300000183925
0.0038303999999698135
0.031209300000227813
0.032495899999958056
0.001686899999185698
0.022941899999750603
0.04033939999953873
0.002132500000698201
0.028740400000060617
0.047690200000033656
0.00218959999983781
0.020722700000078476
0.038485700000819634
0.0022444999995059334
0.03189739999925223
0.030140700000629295
