0.1276849999994738
0.004362100000435021
0.02402490000167745
0.02809259999958158
0.027251400000750436
0.0382755000009638
0.0396098000001075
0.04346050000094692
0.046656399999847054
0.034229200000481796
0.0034773000006680377
0.023749299998598872
0.042148700000325334
0.0035308000005898066
0.02982479999991483
0.03717690000121365
0.0036985999995522434
0.022695899999234825
0.040582900001027156
0.0034689000003709225
0.028699399999823072
0.048443899999256246
0.00368249999883119
0.022200299999894924
0.040469300000040676
0.004617500000676955
0.02834670000083861
0.04639880000104313
0.0037781999999424443
0.02104969999891182
0.04369760000008682
0.0035872000007657334
0.026272699999026372
0.046133300000292365
0.003792999999859603
0.018296899999768357
0.03846779999912542
0.0035623000003397465
0.0259464000009757
0.04739999999947031
0.003601899999921443
0.017331999999441905
0.03569779999997991
0.0037873000001127366
0.022616499998548534
0.04520380000030855
0.004378099998575635
0.01518939999914437
0.03549329999987094
0.003509799998937524
0.023571100000481238
0.04257289999986824
0.003475299999990966
0.027583700000832323
0.04986969999845314
0.00352769999881275
0.018878099999710685
0.03995960000065679
0.0035527000000001863
0.0266263000012259
0.04445799999848532
0.0037319999992178055
0.03230230000008305
0.03593489999911981
0.003569299999071518
0.02433730000120704
0.04488069999933941
0.0038568999989365693
0.015579400000206078
0.03724519999923359
0.0035289000006741844
0.02330160000019532
0.04565399999955844
0.0036184000000503147
0.014838199998848722
0.0336581000010483
0.0036844000005658017
0.02088750000075379
0.04215199999998731
0.0034713999993982725
0.026595400000587688
0.04010709999965911
0.003591700000470155
0.023842700000386685
0.04077850000066974
0.0032852000003913417
0.020545299999866984
0.03608639999947627
0.03304719999869121
0.004042200000185403
0.014452299999902607
0.043327199999112054
0.0445599000013317
0.004217399999106419
0.008924100000513135
0.041171400000166614
0.03561050000098476
0.003851299999951152
0.019363800000064657
0.0303423000004841
0.028758399999787798
0.003506299999571638
0.029838700000254903
0.028688799999144976
0.04047609999906854
0.0034778999997797655
0.026657300000806572
0.03732289999970817
0.03324439999960305
0.005145999999513151
0.016497399999934714
0.028071900000213645
0.04022880000047735
0.003731099999640719
0.021981500000038068
0.034522100000685896
0.03142699999989418
0.004234399999404559
0.012577000001328997
0.04399999999986903
0.04000389999964682
0.03638909999972384
0.004003600000942242
0.014794200000324054
0.03112699999837787
0.026855399999476504
0.0035356999997020466
0.02631699999983539
0.03900440000143135
0.03802399999949557
0.0035386999988986645
0.01705699999911303
0.03236480000123265
0.027827400001115166
0.00352030000067316
0.025357500000609434
0.045874299999923096
0.033798700000261306
0.003592400000343332
0.02226410000002943
0.04170429999976477
0.04562160000023141
0.004078199999639764
0.017362700000376208
0.0369938000003458
0.00352279999970051
0.029000800001085736
0.04322159999901487
0.0034933999995701015
0.03362139999990177
0.034585100000185776
0.00479300000006333
0.02256189999934577
0.041381499999260996
0.0036336000011942815
0.022877800000060233
0.03422180000052322
0.004375500000605825
0.01218920000064827
0.03870129999995697
0.003508499999952619
0.021086599999762257
0.028296500000578817
0.04044839999914984
0.033218000000488246
0.003728199999386561
0.019845600001644925
0.02382240000042657
0.034858300001360476
0.027991500001007807
0.003296099999715807
0.028688899999906425
0.0337982999990345
0.03413569999975152
0.024687500001164153
0.0035421000011410797
0.020879100000456674
0.03134909999971569
0.03203370000119321
0.0221306999992521
0.003553799999281182
0.018566000000646454
0.026716700000179117
0.030292499999632128
0.0317962000008265
0.0035392000008869218
0.0033826999988377793
0.021715700000640936
0.0237741000000824
0.023923200000353972
0.03178500000103668
0.013756500000454253
0.03156870000020717
0.016102100000352948
0.021160000000236323
0.02141949999895587
0.027863299999808078
0.027659900000799098
0.036610300001484575
0.017360200001348858
0.02002809999976307
0.023891400000138674
0.028376199999911478
0.027629300000626245
0.030675400001200614
0.01829870000074152
0.02315669999916281
0.02034060000005411
0.025991300000896445
0.027875600000697887
0.029252700000142795
0.03128120000110357
0.020480299999690033
0.021899699999266886
0.029472800000803545
0.012845699999161297
0.03396620000057737
0.01819199999954435
0.026910200000202167
0.023450000000593718
0.03283470000133093
0.014001200001075631
0.02244799999971292
0.02057759999843256
0.02852819999861822
0.024820099999487866
0.029360900000028778
0.01773039999898174
0.019168499999068445
0.018565399999715737
0.02857869999934337
0.024207899999964866
0.026601499999742373
0.027798099999927217
0.03206119999958901
0.01772000000164553
0.020643599998948048
0.02528569999958563
0.029940000000351574
0.015725000001111766
0.023121199999877717
0.019674600000143982
0.02494230000047537
0.026501599999392056
0.03183109999918088
0.018960600000355043
0.0222857999997359
0.02378800000042247
0.026903800000582123
0.029858399999284302
0.02217939999900409
0.019066000000748318
0.022490599998491234
0.024800699999104836
0.029738799999904586
0.01339919999918493
0.03328069999952277
0.019717399998626206
0.02282550000018091
0.024390399999902
0.0319061000009242
0.013157999999748426
0.0347263000003295
0.018633200001204386
0.020348899999589776
0.024174899999707122
0.026668599999538856
0.027626000000964268
0.03271199999835517
0.018559300000561052
0.024766500000623637
0.022228800000448246
0.025713200000609504
0.026881899999352754
0.02971570000045176
0.03327480000007199
0.02003079999849433
0.023520999999163905
0.02784799999972165
0.027384600000004866
0.03430570000091393
0.0171926999992138
0.020852100000411156
0.020467399999688496
0.026291299998774775
0.027448200000435463
0.029837899999620277
0.014666299999589683
0.019842800000333227
0.019908799999029725
0.029584200001409044
0.025642200000220328
0.03407900000092923
0.015625500000169268
0.018454799999744864
0.021377400000346825
0.022974600000452483
0.02569489999950747
0.02832970000054047
0.02900480000062089
0.032390800000939635
0.019040600000153063
0.026269500000125845
0.024965999999039923
0.02715360000001965
0.028335400000287336
0.03423010000005888
0.018097299998771632
0.022205100000064704
0.022772999998778687
0.028141599999798927
0.029213899999376736
0.035971899998912704
0.016835599999467377
0.02250330000060785
0.02337900000020454
0.02655640000011772
0.02780029999848921
0.032231299999693874
0.01698709999982384
0.024556800000937073
0.02230760000020382
0.02649280000150611
0.0255446999999549
0.028307200000199373
0.03091630000017176
0.018278600000485312
0.01940709999871615
0.021355700000640354
0.02385350000076869
0.032995300000038696
0.013944599999376805
0.01834000000053493
0.019190899998648092
0.0216906999994535
0.02404980000028445
0.027928499999688938
0.030464800000117975
0.017941199999768287
0.019920799999454175
0.02560039999843866
0.024857200000042212
0.025623499999710475
0.0262246000002051
0.0325736999984656
0.017291599999225582
0.02083639999909792
0.02412189999995462
0.027619899999990594
0.029347899999265792
0.03717059999871708
0.019005899999683606
0.027779199999713455
0.025002399999721092
0.03199950000089302
0.01161599999977625
0.03249830000095244
0.017806999998356332
0.02014729999973497
0.02296369999930903
0.02464019999933953
0.026504000001295935
0.030893699999069213
0.017682300000160467
0.023260200001459452
0.01908480000020063
0.02781210000102874
0.0257820000006177
0.030576000001019565
0.01870000000053551
0.02057269999932032
0.021749500001533306
0.023743800000374904
0.0259831999992457
0.029000999998970656
0.030521200000293902
0.02459660000022268
0.020283600000766455
0.025867499998639687
0.026438099999722908
0.030731900000319
0.015965100001267274
0.019073800000114716
0.020208299998557777
0.024022199999308214
0.023653399999602698
0.03129769999941345
0.014297899999291985
0.03682760000083363
0.01979659999960859
0.027024899998650653
0.023335300000326242
0.026192799999989802
0.028028000000631437
0.030289000000266242
0.01696740000079444
0.018486400000256253
0.02245029999903636
0.023368299998764996
0.02503470000010566
0.03214780000052997
0.014556300000549527
0.017155100000309176
0.020464600000195787
0.024103700001433026
0.024404300000242074
0.028195099999720696
0.029456099999151775
0.01811679999991611
0.020296299999245093
0.028388999999151565
0.027057900000727386
0.029407300000457326
0.03109310000036203
0.018101999999998952
0.03043479999905685
0.023438999998688814
0.03386850000060804
0.03228739999940444
0.02326299999913317
0.00349850000020524
0.023142899999584188
0.029735899999650428
0.0404698999991524
0.03431999999884283
0.003789899999901536
0.016742200001317542
0.025138999999398948
0.03599159999976109
0.031875399999989895
0.004316000000471831
0.00996570000097563
0.035403399999268004
0.03712009999981092
0.027167299998836825
0.003516799999488285
0.026137000000744592
0.034118100000341656
0.03318310000031488
0.025661599998784368
0.003403200000320794
0.019820899999103858
0.030617399999755435
0.030197000000043772
0.02168820000042615
0.003738800000064657
0.0197985000013432
0.026017600001068786
0.03879840000081458
0.03533229999993637
0.0041478000002825866
0.017695599999569822
0.017348200000924408
0.018509500001528068
0.018495800000891904
0.003456299999015755
0.007354399998803274
0.025623800000175834
0.028592900000148802
0.02995779999946535
0.01815579999856709
0.020867299999736133
0.027603499998804182
0.023832700000639306
0.03312269999878481
0.01512189999994007
0.018029499999101972
0.027256700001089484
0.04290470000159985
0.033675399999992806
0.028736899999785237
0.03749029999926279
0.03839690000131668
0.0036363999988680007
0.02387300000009418
0.044093900000007125
0.04949590000069293
0.04071669999939331
0.004191500000160886
0.03363089999947988
0.04673239999829093
0.003538200000548386
0.03226360000007844
0.038852900001074886
0.00352039999961562
0.025429700001041056
0.04430990000037127
0.0035719999996217666
0.031311800001276424
0.034933799999635085
0.003881099999489379
0.02185760000065784
0.04488680000031309
0.003726200000528479
0.029902899999797228
0.04585700000097859
0.0035095000002911547
0.020860200000242912
0.04587090000131866
0.0036027000005560694
0.011449600000560167
0.04832189999979164
0.0032370999997510808
0.02183580000018992
0.04079300000012154
0.003512899998895591
0.02806820000114385
0.04873739999857207
0.0030249999999796273
0.03442920000088634
0.04830900000160909
0.0038718999985576374
0.02678850000120292
0.04984320000039588
0.003591200000300887
0.018043000000034226
0.037459499999386026
0.003514300000460935
0.02535859999989043
0.04333450000012817
0.0034321999992243946
0.03108799999972689
0.0361802000006719
0.003725000000486034
0.02484829999957583
0.04695659999924828
0.0036550000004353933
0.013973399998576497
0.05016090000026452
0.005559899998843321
0.022635999999693013
0.04247319999922183
0.0035449999995762482
0.029144000000087544
0.0351554999997461
0.0038956000007601688
0.02172479999899224
0.04290639999999257
0.0036136999988229945
0.00542200000018056
0.04002500000024156
0.06844590000036987
0.005098999999972875
0.004766899999594898
0.003603600000133156
0.008331299999554176
0.04348079999908805
0.0034422999997332226
0.02933589999884134
0.05113139999957639
0.005607600000075763
0.02177740000115591
0.04234630000064499
0.0034985999991477
0.03854409999985364
0.04949590000069293
0.0036968999993405305
0.01910879999923054
0.04005709999910323
0.0030225000009522773
0.0415248999997857
0.048565099999905215
0.004723500000181957
0.0332949000003282
0.03734149999945657
0.0030971999985922594
0.021340700001019286
0.04117959999894083
0.0034445999990566634
0.030341099998622667
0.048126899999260786
0.0034028999998554355
0.02016130000083649
0.04802980000022217
0.006290000001172302
0.028507500001069275
0.046581399999922724
0.003530500000124448
0.01797909999913827
0.043583599999692524
0.0035265999995317543
0.02879930000017339
0.033354000001054374
0.0035427999991952674
0.01952520000122604
0.04007070000079693
0.0037394999999378342
0.024745599999732804
0.043496199999935925
0.0034630999998626066
0.029134300000805524
0.05059780000010505
