0.4040251999977045
0.27913059999991674
0.28157330000249203
0.29428639999969164
0.2723580000019865
0.2883545000004233
0.2733234999977867
0.27829560000100173
0.2641167999972822
0.2868529000043054
0.2766101999950479
0.29129200000170385
0.28800999999657506
0.2805053000047337
0.27997879999747965
0.2922039999975823
0.2836626999996952
0.28344099999958416
0.27798410000104923
0.27684099999896716
0.2743412999989232
0.2941928000000189
0.2819059000030393
0.2649659000016982
0.28082739999808837
0.28229190000274684
0.2821611999970628
0.2747172000017599
0.2830928999974276
0.2746423999997205
0.2874017000067397
0.2855589000027976
0.28892700000142213
0.282518700005312
0.27834669999720063
0.27176029999827733
0.2825271000037901
0.2787519000048633
0.2712524000016856
0.36313240000163205
0.2689061999990372
0.26634870000270894
0.2863121999980649
0.27803010000206996
0.26642379999975674
0.2797692000021925
0.269075399999565
0.27755330000218237
0.2735733999943477
0.2787828000000445
0.28292140000121435
0.2753831000009086
0.2798183000049903
0.27711730000009993
0.2890276000034646
0.27630689999932656
0.2825837999989744
0.2803639999983716
0.285566700003983
0.2786863000001176
0.2921511999957147
0.29075770000054035
0.26705930000025546
0.2884792000040761
0.2856692999994266
0.28685919999406906
0.2912558000025456
0.2822038000012981
0.2838294999965001
0.2755523000014364
0.26695330000075046
0.2783683999950881
0.26801200000045355
0.275079499995627
0.26405780000641244
0.27219160000095144
0.27104910000343807
0.2713915000058478
0.2899433000056888
0.27988799999729963
0.2834822000004351
0.2721372000014526
0.4253502000065055
0.27033519999531563
0.2730580999996164
0.27589979999902425
0.2699700000011944
0.26366510000661947
0.275529300000926
0.2698362000010093
0.2716861000008066
0.2710312999988673
0.2684802000003401
0.2604642000005697
0.2583327000029385
0.26294319999578875
0.2690671000018483
0.2746077999981935
0.27904839999973774
0.2672738000037498
0.27293850000569364
0.26799860000028275
0.2765782999995281
0.2745470000008936
0.2710305000000517
0.2643716000020504
0.2796526000020094
0.27777249999780906
0.2690537000016775
0.27153589999943506
0.28986459999578074
0.2830404000051203
0.26113769999938086
0.2707102999993367
0.27307699999801116
0.2720874999940861
0.30392140000185464
0.2832879999987199
0.2777182999998331
0.2844224000000395
0.27779459999874234
0.2860551000048872
0.2868642000030377
0.27392669999971986
0.28001840000069933
0.2825345000019297
0.2845430999950622
0.27615489999880083
0.28802909999649273
0.2816180000008899
0.2776244999986375
0.278248500006157
0.2792829999962123
0.28568690000247443
0.27632119999907445
0.2803448000049684
0.26666089999343967
0.27139639999950305
0.27390680000098655
0.27433700000256067
0.28655349999462487
0.28178550000302494
0.2698999999993248
0.2685213000004296
0.27207569999882253
0.2731809000033536
0.27365090000239434
0.274256200005766
0.27091849999851547
0.27086209999833954
0.2675454999989597
0.2790482999989763
0.2760993000047165
0.2837933000046178
0.27204229999915697
0.2781838999944739
0.2763605000000098
0.28166090000013355
0.27358239999739453
0.2762654000034672
0.2782775000014226
0.4156079999957001
0.28278900000441354
0.2759191000004648
0.2856446000005235
0.2788046000059694
0.2794313000049442
0.28609229999710806
0.2844383999981801
0.2824012999990373
0.2820592999996734
0.28207909999764524
0.2798098999992362
0.29163659999903757
0.2795202999986941
0.28545849999500206
0.2783844000005047
0.27811129999463446
0.26867740000307094
0.2813460000033956
0.28733959999954095
0.28196980000211624
0.2784676000010222
0.2882972000006703
0.2838447999965865
0.28285829999367706
0.28133629999501863
0.28060950000508456
0.2854377000039676
0.27778780000517145
0.2899598000003607
0.28090720000182046
0.29404839999915566
0.2899375000051805
0.2797652000008384
0.2762689000010141
0.28531179999845335
0.2792434000002686
0.28130960000271443
0.2889117000013357
0.2903692999971099
0.2861088000063319
0.2776910000029602
0.29280260000086855
0.28814910000073723
0.2834757000018726
0.44749210000009043
0.2831642000019201
0.2707096000012825
0.2729311000002781
0.27607240000361344
0.28078629999799887
0.2874273000052199
0.28088270000444027
0.28018140000494896
0.27852790000179084
0.27724270000180695
0.2810583999962546
0.27763770000456134
0.28418289999535773
0.26931640000111656
0.2779201000012108
0.28277869999874383
0.28190100000210805
0.273398500001349
0.28133480000542477
0.2900752999994438
0.2771283999973093
0.2766734000033466
0.29015459999936866
0.2886154000007082
0.3023782999953255
0.2866152999995393
0.2929214000032516
0.2825472999975318
0.27834399999846937
0.280608500004746
0.2859452000047895
0.28052279999974417
0.28111539999372326
0.27938040000299225
0.27666499999759253
0.28458949999912875
0.2895605999947293
0.2750882000036654
0.2936846999946283
0.2753219999940484
0.27449239999987185
0.28143099999579135
0.27941610000561923
0.4298197000025539
0.27907910000067204
0.2840829999986454
0.2773670999958995
0.2863173999940045
0.27319100000022445
0.279015399995842
0.27363509999850066
0.27870359999360517
0.2771546000003582
0.2741886000003433
0.275987900000473
0.2733535000006668
0.28738460000022314
0.28441259999817703
0.2765459000002011
0.2824901999993017
0.28715920000104234
0.288226399999985
0.2856642000042484
0.2748118000017712
0.27902200000244193
0.27809010000055423
0.2813081999993301
0.28509289999783505
0.2815813999986858
0.2824421999976039
0.2821179000020493
0.27776389999780804
0.28160360000038054
0.27890759999718284
0.2830180000019027
0.26227490000019316
0.27852079999865964
0.2713015999979689
0.2798409000024549
0.27857529999891995
0.27623850000236416
0.27868039999884786
0.2851971999989473
0.28317750000132946
0.28382289999717614
0.27535769999667536
0.27684920000319835
0.28914800000347896
0.29240260000369744
0.28784799999993993
0.2866907000061474
0.28782700000010664
0.2826070000010077
0.2820187999968766
0.28872369999589864
0.28965920000337064
0.2874244000049657
0.2810557999982848
0.27791659999638796
0.2912473999967915
0.28236420000030193
0.28509199999825796
0.2781567999991239
0.276283200000762
0.2839585999972769
0.2736319000032381
0.2752948000052129
0.27478010000049835
0.2822211000020616
0.28348410000035074
0.2835720000002766
0.284800900000846
0.29606990000320366
0.29834629999822937
0.2806127000003471
0.29262870000093244
0.30031120000057854
0.29812569999921834
0.30982049999875017
0.28950159999658354
0.27696019999712007
0.27796759999910137
0.27975599999626866
0.28036180000344757
