0.1087025
0.0085479
0.0050677
0.0075675
0.009901
0.0345372
0.0387477
0.0445588
0.045137
0.0364812
0.0062058
0.0200089
0.0513687
0.0059303
0.0116794
0.047438
0.0072519
0.0171274
0.0364925
0.006282
0.0221043
0.0433519
0.0082256
0.0313957
0.035496
0.006183
0.0233105
0.0429709
0.0056522
0.0423862
0.030639
0.0107244
0.0198045
0.0568626
0.0068283
0.0267784
0.0443134
0.0058509
0.0337436
0.0347741
0.0051615
0.0229809
0.0465139
0.0047117
0.0288394
0.0494466
0.0057385
0.0200337
0.0454621
0.0060265
0.0119398
0.0489697
0.0086865
0.0227447
0.0388867
0.0057063
0.0253178
0.0466019
0.0051226
0.0186358
0.0361813
0.0062572
0.0227924
0.0439941
0.0066752
0.0313547
0.0369788
0.0054372
0.0208438
0.0438093
0.0051216
0.0284725
0.0528071
0.0062106
0.0170818
0.0355894
0.0059345
0.0344293
0.0281589
0.0078964
0.0315127
0.0374206
0.0059245
0.0256993
0.0436171
0.0066504
0.0272866
0.0480273
0.0065243
0.0196527
0.0376109
0.0055693
0.0242176
0.0462968
0.0065419
0.0165322
0.0356145
0.0052927
0.0235406
0.042958
0.0054168
0.0324476
0.0387828
0.0066223
0.0243965
0.0442317
0.0068876
0.0299569
0.0336209
0.0075504
0.0220964
0.0386147
0.0071377
0.0291042
0.0323079
0.0065312
0.0186251
0.0391167
0.0053988
0.0243544
0.0439924
0.0056326
0.0426213
0.03515
0.0066901
0.024974
0.0430532
0.0064062
0.0331761
0.0352411
0.0066919
0.0207515
0.0416618
0.0054848
0.0264712
0.0447125
0.006199
0.0377119
0.0349155
0.0090487
0.0247898
0.0441935
0.0067017
0.0316962
0.0336516
0.00589
0.0193689
0.0429994
0.0066952
0.027532
0.0501671
0.005412
0.0185662
0.0380056
0.0064049
0.0300992
0.029509
0.0067221
0.0171061
0.0382312
0.0071792
0.0257815
0.0470221
0.0076482
0.0224416
0.0503852
0.0071746
0.0216858
0.0392852
0.006852
0.026838
0.0502756
0.0075494
0.0212952
0.0495615
0.0084934
0.0270283
0.0502799
0.0074671
0.023468
0.0379969
0.0187415
0.0066815
0.0424808
0.007596
0.0300514
0.0343922
0.006257
0.0222323
0.0425063
0.0079531
0.0273832
0.051301
0.0069893
0.0189306
0.0398986
0.0062251
0.0263022
0.0421449
0.0050252
0.0344336
0.0367477
0.0057917
0.0250701
0.043097
0.0064841
0.0328958
0.038353
0.006149
0.0232864
0.0442002
0.0062884
0.0156194
0.035049
0.0051316
0.0241624
0.0408078
0.0054168
0.0275019
0.0486108
0.0067318
0.0203676
0.0561624
0.0053602
0.0134885
0.0524866
0.0059999
0.0185551
0.037597
0.0060243
0.0253269
0.0614392
0.009178
0.016037
0.0350214
0.0061659
0.0232016
0.0467305
0.0069724
0.0188382
0.045166
0.0065861
0.0078266
0.0461238
0.0063193
0.0147843
0.0337742
0.0060684
0.0206048
0.0419387
0.0050989
0.0285184
0.0463825
0.0060374
0.0193865
0.0407421
0.0060958
0.0356277
0.0341675
0.0061054
0.019
0.0380639
0.0063089
0.0242841
0.0426313
0.0054382
0.0304563
0.0336629
0.0060633
0.1283093
0.0056673
0.0054103
0.0056739
0.0067367
0.0072206
0.0062949
0.0351673
0.0066864
0.0262718
0.0407883
0.0064401
0.0269193
0.0465443
0.0069855
0.0219455
0.0438919
0.0063056
0.0282509
0.0375261
0.0059627
0.0168917
0.0375679
0.0060239
0.027079
0.0491657
0.0063843
0.018912
0.0345059
0.0057489
0.0252242
0.0478405
0.0072507
0.018778
0.0381247
0.0362415
0.0064864
0.0282255
0.0440246
0.0061976
0.0325943
0.0345681
0.0058305
0.0217983
0.0407087
0.0055676
0.0338802
0.0318853
0.0063047
0.0241735
0.040919
0.0051237
0.025957
